4294967294,30
4294967294,942
4294967294,941
4294967294,939
4294967294,938
4294967294,933
4294967294,922
4294967294,436
4294967294,158
4294967294,157
4294967294,156
4294967294,155
4294967294,60
4294967294,12
4294967278,7
4294967278,5
4294967279,360
4294967279,561
1635,4
1635,3
1635,2
1635,1
1634,6
1634,5
1634,4
1634,3
1634,2
1634,1
4294967294,471
4294967278,176
4294967279,173
1631,6
1631,5
1631,4
1631,3
1631,2
1631,1
4294967279,154
1628,7
1628,6
1628,5
1628,4
1628,3
1628,2
1628,1
4294967294,1417
4294967279,306
1625,6
1625,5
1625,4
1625,3
1625,2
1625,1
1622,4
1622,3
1622,2
1622,1
1621,5
1621,4
1621,3
1621,2
1621,1
4294967279,304
4294967279,303
1619,6
4294967294,470
1619,5
1619,4
1619,3
1619,2
1619,1
4294967279,558
4294967279,203
1618,5
1618,4
1618,3
1618,2
1618,1
4294967279,302
4294967278,229
1617,4
1617,3
1617,2
1617,1
4294967294,178
4294967278,190
1616,5
1616,4
1616,3
1616,2
1616,1
4294967278,184
1615,4
1615,3
1615,2
1615,1
4294967279,512
4294967294,401
4294967279,574
1614,4
1614,3
1614,2
1614,1
1613,6
1613,5
1613,4
1613,2
1613,1
4294967294,469
1610,6
1610,5
1610,4
1610,3
1610,2
1610,1
4294967278,300
4294967278,212
1607,7
1607,6
1607,5
1607,4
1607,3
1607,2
1607,1
1604,6
1604,5
1604,4
1604,2
1604,1
1601,4
1601,3
1601,2
1601,1
4294967294,466
4294967294,397
1600,5
1600,4
1600,3
1600,2
1600,1
4294967294,1418
1598,6
4294967294,511
1598,5
1598,4
1598,3
1598,2
1598,1
1597,5
1597,4
1597,3
1597,2
1597,1
1596,4
1596,3
1596,2
1596,1
1595,5
1595,4
1595,3
1595,2
1595,1
1594,4
1594,3
1594,2
1594,1
4294967278,214
4294967278,351
4294967278,249
4294967278,318
1593,4
1593,3
1593,2
1593,1
4294967279,298
1592,6
1592,5
1592,4
1592,2
1592,1
4294967279,297
4294967294,510
1589,6
1589,5
1589,4
1589,3
1589,2
1589,1
1586,7
1586,6
1586,5
1586,4
1586,3
1586,2
1586,1
1583,6
1583,5
1583,4
1583,2
1583,1
1580,4
1580,3
1580,2
1580,1
1579,5
1579,4
1579,3
1579,2
1579,1
4294967279,193
4294967294,175
4294967294,119
4294967294,164
4294967294,1416
4294967279,186
1577,6
4294967294,509
1577,5
4294967278,182
4294967278,181
1577,4
1577,3
1577,2
1577,1
4294967279,180
1576,5
1576,4
1576,3
1576,2
1576,1
1575,4
1575,3
1575,2
1575,1
1574,5
1574,4
1574,3
1574,2
1574,1
1573,4
1573,3
1573,2
1573,1
4294967294,909
4294967279,289
4294967278,342
4294967294,462
4294967278,371
4294967278,306
4294967279,124
4294967279,121
4294967279,335
4294967279,572
1572,4
1572,3
1572,2
1572,1
1571,6
1571,5
1571,4
1571,2
1571,1
4294967294,508
4294967279,209
1568,6
1568,5
1568,4
1568,3
1568,2
1568,1
1565,7
4294967279,181
4294967279,179
1565,6
1565,5
1565,4
1565,3
1565,2
1565,1
4294967278,172
4294967279,571
4294967278,347
1562,6
1562,5
1562,4
1562,2
1562,1
1559,4
1559,3
1559,2
1559,1
4294967294,507
1558,5
1558,4
1558,3
1558,2
1558,1
4294967278,386
1556,6
4294967294,506
1556,5
1556,4
1556,3
1556,2
1556,1
1555,5
1555,4
1555,3
1555,2
1555,1
4294967279,546
4294967278,234
4294967278,232
1554,4
1554,3
1554,2
1554,1
1553,5
1553,4
1553,3
1553,2
1553,1
1552,4
1552,3
1552,2
1552,1
4294967294,412
4294967294,964
4294967294,962
4294967294,912
4294967294,387
4294967279,192
4294967279,367
4294967279,330
4294967279,350
1551,4
1551,3
1551,2
1551,1
1550,6
1550,5
1550,4
1550,2
1550,1
4294967294,505
4294967279,280
4294967279,277
1547,6
1547,5
1547,4
1547,3
1547,2
1547,1
1544,7
1544,6
1544,5
1544,4
1544,3
1544,2
1544,1
1541,6
1541,5
1541,4
1541,3
1541,2
1541,1
1538,4
1538,3
1538,2
1538,1
4294967294,448
4294967294,405
4294967294,504
4294967278,171
1537,5
4294967279,170
1537,4
1537,3
1537,2
1537,1
4294967279,169
1535,6
4294967294,503
1535,5
1535,4
1535,3
1535,2
1535,1
1534,5
1534,4
1534,3
1534,2
1534,1
1533,4
1533,3
1533,2
1533,1
1532,5
1532,4
1532,3
1532,2
1532,1
1531,4
1531,3
1531,2
1531,1
4294967278,410
4294967278,425
4294967278,411
4294967278,174
4294967279,325
4294967278,322
1530,4
1530,3
1530,2
1530,1
1529,6
1529,5
1529,4
1529,2
1529,1
4294967278,335
4294967278,382
4294967279,195
4294967294,502
1526,6
1526,5
1526,4
1526,3
1526,2
1526,1
4294967278,279
1523,7
1523,6
1523,5
1523,4
1523,3
1523,2
1523,1
4294967294,410
4294967294,418
4294967278,273
1520,6
1520,5
1520,4
1520,2
1520,1
4294967279,567
4294967278,373
1517,4
1517,3
1517,2
1517,1
1516,5
1516,4
1516,3
1516,2
1516,1
4294967278,350
1514,6
4294967294,501
1514,5
1514,4
1514,3
1514,2
1514,1
4294967278,381
1513,5
1513,4
1513,3
1513,2
1513,1
1512,4
1512,3
1512,2
1512,1
1511,5
1511,4
1511,3
1511,2
1511,1
4294967278,349
4294967278,340
4294967278,344
4294967279,556
1510,4
1510,3
1510,2
1510,1
4294967294,404
4294967294,459
4294967294,393
4294967279,549
4294967278,301
4294967278,160
4294967278,158
1509,4
1509,3
1509,2
1509,1
4294967294,915
4294967294,162
1508,6
1508,5
1508,4
1508,2
1508,1
4294967294,500
4294967278,258
1505,6
1505,5
1505,4
1505,3
1505,2
1505,1
1502,7
1502,6
1502,5
1502,4
1502,3
1502,2
1502,1
4294967279,524
4294967278,378
1499,6
1499,5
1499,4
1499,2
1499,1
1496,4
1496,3
1496,2
1496,1
4294967279,158
4294967294,499
4294967279,157
1495,5
1495,4
1495,3
1495,2
1495,1
4294967279,530
1493,6
4294967294,498
4294967279,143
1493,5
4294967294,161
1493,4
1493,3
1493,2
1493,1
1492,5
1492,4
1492,3
1492,2
1492,1
1491,4
1491,3
1491,2
1491,1
1490,5
1490,4
1490,3
1490,2
1490,1
4294967278,358
1489,4
1489,3
1489,2
1489,1
4294967294,189
4294967294,402
4294967294,464
4294967294,50
4294967294,11
4294967278,333
4294967278,132
4294967278,131
4294967278,130
4294967278,128
4294967278,127
4294967278,126
4294967278,125
4294967278,124
4294967278,123
4294967278,122
4294967278,121
4294967278,120
4294967278,119
4294967278,118
4294967278,117
4294967278,116
4294967278,115
4294967278,114
4294967278,113
4294967278,112
4294967278,110
4294967278,108
4294967278,107
4294967278,106
4294967278,105
4294967278,104
4294967278,103
4294967278,343
4294967278,99
4294967278,98
4294967278,97
4294967278,96
4294967278,95
4294967278,94
4294967278,93
4294967278,92
4294967278,91
4294967278,90
4294967278,89
4294967278,87
4294967278,86
4294967278,85
4294967278,84
4294967278,83
4294967278,82
4294967278,81
4294967278,80
4294967278,79
4294967278,78
4294967278,77
4294967278,76
4294967278,75
4294967278,74
4294967278,73
4294967278,72
4294967278,71
4294967278,70
4294967278,69
4294967278,68
4294967278,67
4294967278,66
4294967278,65
4294967278,64
4294967278,63
4294967278,62
4294967278,61
4294967278,60
4294967278,59
4294967278,58
4294967278,57
4294967278,56
4294967278,55
4294967278,54
4294967278,53
4294967278,52
4294967278,51
4294967278,50
4294967278,49
4294967278,48
4294967278,47
4294967278,46
4294967278,45
4294967278,44
4294967278,43
4294967278,42
4294967278,41
4294967278,40
4294967278,39
4294967278,38
4294967278,291
4294967278,329
4294967279,86
4294967279,85
4294967279,84
4294967279,83
4294967279,82
4294967279,81
4294967279,80
4294967279,79
4294967279,78
4294967279,77
4294967279,76
4294967279,75
4294967279,74
4294967279,73
4294967279,72
4294967279,71
4294967279,70
4294967279,69
4294967279,68
4294967279,67
4294967279,66
4294967279,65
4294967279,64
4294967279,63
4294967279,62
4294967279,61
4294967279,60
4294967279,543
4294967279,59
4294967279,58
4294967279,57
4294967279,56
4294967279,55
4294967279,54
4294967279,53
4294967279,52
4294967279,51
4294967279,50
4294967279,49
4294967279,48
4294967279,47
4294967279,46
4294967279,45
4294967279,44
4294967279,43
4294967279,40
4294967279,38
4294967279,37
4294967279,36
4294967279,35
4294967279,34
4294967279,33
4294967279,32
4294967279,31
4294967279,30
4294967279,29
4294967279,28
4294967279,27
4294967279,24
4294967279,22
4294967279,21
4294967279,20
4294967279,19
4294967279,18
4294967279,13
4294967279,11
4294967279,10
4294967279,9
4294967279,8
4294967279,6
4294967279,5
4294967279,174
4294967279,4
4294967278,109
1488,4
1488,3
1488,2
1488,1
4294967279,197
1487,6
1487,5
1487,4
1487,2
1487,1
4294967294,497
1484,6
1484,5
1484,4
1484,3
1484,2
1484,1
4294967279,295
4294967279,142
1481,7
1481,6
4294967279,133
1481,5
1481,4
1481,3
1481,2
1481,1
4294967279,532
4294967278,325
1478,6
1478,5
1478,4
1478,2
1478,1
4294967278,290
1475,4
1475,3
1475,2
1475,1
4294967294,496
4294967279,208
1474,5
1474,4
1474,3
1474,2
1474,1
1472,6
4294967294,495
4294967278,197
1472,5
1472,4
1472,3
1472,2
1472,1
4294967294,455
1471,5
1471,4
1471,3
1471,2
1471,1
4294967279,519
4294967278,183
1470,4
1470,3
1470,2
1470,1
4294967279,182
1469,5
1469,4
1469,3
1469,2
1469,1
1468,4
1468,3
1468,2
1468,1
4294967294,1413
4294967294,916
4294967294,914
4294967279,548
4294967279,347
4294967278,321
4294967278,252
4294967278,251
4294967279,260
4294967279,536
4294967279,534
4294967279,343
4294967279,42
4294967279,320
4294967279,26
4294967279,25
4294967279,23
4294967279,17
4294967279,16
4294967279,15
4294967279,14
4294967279,12
4294967279,7
1467,4
1467,3
1467,2
1467,1
4294967279,526
1466,6
1466,5
1466,4
1466,2
1466,1
4294967278,398
4294967279,523
4294967294,494
1463,6
1463,5
1463,4
1463,3
1463,2
1463,1
4294967294,413
4294967279,211
4294967279,201
4294967279,200
1460,7
4294967278,191
1460,6
4294967278,187
1460,5
1460,4
1460,3
1460,2
1460,1
4294967278,355
4294967279,162
1457,6
1457,5
1457,4
1457,2
1457,1
4294967278,143
1454,4
1454,3
1454,2
1454,1
1453,5
1453,4
1453,3
1453,2
1453,1
1451,6
4294967294,493
4294967279,257
1451,5
1451,4
1451,3
1451,2
1451,1
4294967278,223
1450,5
1450,4
1450,3
1450,2
1450,1
1449,4
1449,3
1449,2
1449,1
4294967278,253
1448,5
4294967278,242
1448,4
1448,3
1448,2
1448,1
1447,4
1447,3
1447,2
1447,1
4294967294,163
4294967278,207
4294967279,207
4294967278,206
4294967278,205
4294967278,292
4294967279,533
1446,4
1446,3
1446,2
1446,1
1445,6
1445,5
1445,4
1445,2
1445,1
4294967294,492
4294967279,144
4294967278,142
4294967279,272
1442,6
1442,5
1442,4
1442,3
1442,2
1442,1
1439,7
4294967278,385
1439,6
1439,5
1439,4
1439,3
1439,2
1439,1
4294967278,413
4294967279,299
1436,6
1436,5
1436,4
1436,3
1436,2
1436,1
4294967278,200
4294967278,202
4294967278,199
4294967279,198
1433,4
1433,3
1433,2
1433,1
1432,5
1432,4
1432,3
1432,2
1432,1
4294967279,528
1430,6
4294967294,491
1430,5
1430,4
4294967278,170
1430,3
1430,2
1430,1
4294967278,308
1429,5
1429,4
1429,3
1429,2
1429,1
4294967294,901
4294967279,161
1428,4
1428,3
1428,2
1428,1
1427,5
1427,4
4294967279,152
1427,3
1427,2
1427,1
1426,4
4294967278,148
1426,3
1426,2
1426,1
4294967279,322
4294967279,529
4294967279,527
4294967278,312
4294967278,101
4294967278,311
4294967278,309
4294967278,260
4294967278,419
4294967278,294
4294967279,244
4294967279,522
4294967279,518
4294967279,346
4294967279,252
4294967279,531
4294967279,232
1425,4
1425,3
1425,2
1425,1
1424,6
1424,5
1424,4
1424,2
1424,1
4294967279,210
4294967278,208
4294967294,490
1421,6
1421,5
1421,4
1421,3
1421,2
1421,1
1418,7
4294967278,304
4294967279,563
1418,6
1418,5
1418,4
1418,3
1418,2
1418,1
4294967278,339
4294967294,911
4294967278,331
4294967279,149
4294967279,156
1415,6
1415,5
1415,4
1415,2
1415,1
4294967278,241
4294967294,1421
1412,4
1412,3
1412,2
1412,1
4294967278,323
4294967279,137
4294967294,489
1411,5
1411,4
1411,3
1411,2
1411,1
4294967278,383
4294967294,948
4294967294,411
1409,6
4294967294,488
1409,5
4294967279,235
1409,4
1409,3
1409,2
1409,1
4294967279,355
1408,5
1408,4
1408,3
1408,2
1408,1
1407,4
1407,3
1407,2
1407,1
4294967278,209
1406,5
1406,4
1406,3
1406,2
1406,1
4294967279,206
1405,4
1405,3
1405,2
1405,1
4294967294,115
4294967294,388
4294967279,521
4294967279,185
4294967278,100
4294967278,320
4294967279,168
4294967279,163
1404,4
1404,3
1404,2
1404,1
1403,6
1403,5
1403,4
1403,2
1403,1
4294967278,137
4294967279,134
4294967279,560
4294967278,255
4294967294,487
1400,6
1400,5
1400,4
1400,3
1400,2
1400,1
4294967278,443
4294967279,300
1397,7
4294967294,184
1397,6
1397,5
1397,4
1397,3
1397,2
1397,1
4294967279,374
4294967279,316
4294967279,196
4294967278,193
4294967278,192
4294967279,191
1394,6
1394,5
4294967278,189
1394,4
1394,2
1394,1
4294967278,180
4294967279,178
4294967278,179
4294967278,178
4294967278,173
1391,4
1391,3
1391,2
1391,1
4294967278,282
4294967279,164
1390,5
1390,4
1390,3
1390,2
1390,1
4294967279,570
1388,6
4294967294,486
1388,5
4294967279,148
1388,4
4294967279,147
1388,3
1388,2
1388,1
1387,5
1387,4
1387,3
1387,2
1387,1
4294967278,277
1386,4
1386,3
1386,2
1386,1
4294967279,135
4294967294,463
4294967279,271
4294967278,133
1385,5
1385,4
1385,3
1385,2
1385,1
1384,4
1384,3
1384,2
1384,1
4294967279,305
4294967278,330
4294967278,235
4294967278,361
4294967278,346
4294967278,296
4294967278,243
4294967278,0
4294967279,41
4294967278,230
4294967279,223
1383,4
1383,3
1383,2
1383,1
1382,6
1382,5
1382,4
1382,2
1382,1
4294967294,485
1379,6
1379,5
1379,4
1379,3
1379,2
1379,1
4294967294,182
4294967278,280
4294967278,247
1376,7
4294967279,309
4294967278,221
1376,6
1376,5
1376,4
1376,3
1376,2
1376,1
4294967279,279
4294967278,286
4294967279,258
4294967278,239
1373,6
1373,5
1373,4
1373,2
1373,1
4294967294,176
4294967294,907
1370,4
1370,3
1370,2
1370,1
4294967294,484
4294967278,224
4294967279,221
1369,5
4294967279,219
1369,4
1369,3
1369,2
1369,1
4294967278,233
4294967278,231
1367,6
1367,5
1367,4
1367,3
1367,2
1367,1
1366,5
1366,4
1366,3
1366,2
1366,1
4294967278,196
4294967279,194
1365,4
1365,3
1365,2
1365,1
1364,5
1364,4
1364,3
1364,2
1364,1
4294967278,227
1363,4
1363,3
1363,2
1363,1
4294967279,310
4294967278,256
1362,4
1362,3
1362,2
1362,1
4294967279,263
1361,6
1361,5
1361,4
1361,2
1361,1
4294967294,482
4294967278,240
4294967279,239
1358,6
1358,5
1358,4
1358,3
1358,2
1358,1
4294967279,233
4294967278,219
1355,7
4294967278,442
1355,6
1355,5
1355,4
1355,3
1355,2
1355,1
4294967278,215
4294967279,336
4294967278,272
4294967278,447
4294967278,259
4294967279,228
1352,6
1352,5
1352,4
1352,3
1352,2
1352,1
4294967278,446
1349,4
1349,3
1349,2
1349,1
4294967278,433
4294967278,319
4294967279,554
1348,5
1348,4
1348,3
1348,2
1348,1
4294967294,918
4294967294,421
4294967294,403
4294967294,191
1346,6
1346,5
1346,4
1346,3
1346,2
1346,1
4294967278,267
1345,5
1345,4
1345,3
1345,2
1345,1
1344,4
1344,3
1344,2
1344,1
1343,5
1343,4
1343,3
1343,2
1343,1
4294967278,317
4294967278,327
1342,4
1342,3
1342,2
1342,1
4294967294,468
4294967279,551
4294967278,384
4294967279,547
4294967294,385
4294967294,406
4294967294,460
4294967294,386
4294967279,217
4294967278,129
4294967278,111
4294967278,102
4294967278,387
4294967278,225
1341,4
1341,3
1341,2
1341,1
1340,6
1340,5
1340,4
1340,2
1340,1
4294967279,377
1337,6
1337,5
1337,4
1337,3
1337,2
1337,1
1334,7
4294967278,316
1334,6
1334,5
1334,4
1334,3
1334,2
1334,1
4294967279,256
4294967278,324
4294967279,516
4294967278,250
4294967278,432
4294967278,228
1331,6
1331,5
4294967278,226
1331,4
1331,2
1331,1
4294967294,396
4294967294,398
4294967278,313
4294967279,88
4294967278,216
4294967279,215
1328,4
1328,3
1328,2
1328,1
4294967278,201
4294967278,195
1327,5
1327,4
1327,3
1327,2
1327,1
1325,6
1325,5
4294967294,185
4294967294,917
1325,4
1325,3
1325,2
1325,1
1324,5
1324,4
1324,3
1324,2
1324,1
1323,4
1323,3
1323,2
1323,1
1322,5
1322,4
1322,3
1322,2
1322,1
1321,4
1321,3
1321,2
1321,1
4294967278,428
4294967279,293
4294967294,414
4294967294,453
4294967294,465
4294967278,427
4294967279,290
4294967279,376
4294967278,436
4294967279,292
4294967279,234
1320,4
1320,3
1320,2
1320,1
1319,6
1319,5
1319,4
1319,2
1319,1
4294967279,354
4294967278,310
4294967294,114
1316,6
1316,5
1316,4
1316,3
1316,2
1316,1
1313,7
4294967279,284
1313,6
1313,5
1313,4
1313,3
1313,2
1313,1
4294967278,435
4294967278,161
1310,6
1310,5
1310,4
1310,2
1310,1
4294967294,967
4294967278,307
1307,4
1307,3
1307,2
1307,1
1306,5
1306,4
1306,3
1306,2
1306,1
4294967279,525
1304,6
4294967294,391
4294967294,456
1304,5
4294967278,248
1304,4
1304,3
1304,2
1304,1
1303,5
1303,4
1303,3
1303,2
1303,1
1302,4
1302,3
1302,2
1302,1
